0 0.4453125 0.10859375 0.03828125 0.0421875
0 0.50546875 0.41796875 0.08203125 0.09765625
0 0.22578125 0.59921875 0.06171875 0.0671875
0 0.54765625 0.09453125 0.05625 0.05234375
0 0.12734375 0.64140625 0.071875 0.08515625
0 0.1015625 0.81796875 0.06640625 0.06796875
0 0.1640625 0.059375 0.065625 0.071875
0 0.8109375 0.8125 0.084375 0.09296875
0 0.63203125 0.0828125 0.04921875 0.06328125
0 0.71328125 0.19765625 0.0625 0.06171875
0 0.41484375 0.084375 0.04453125 0.05234375
0 0.3890625 0.30625 0.0484375 0.04140625
0 0.53984375 0.1671875 0.10546875 0.10078125
0 0.94765625 0.2375 0.06640625 0.07421875
0 0.76640625 0.6546875 0.06953125 0.07109375
0 0.29921875 0.68359375 0.07265625 0.078125
0 0.8640625 0.27734375 0.075 0.06015625
0 0.43984375 0.44609375 0.0390625 0.03984375
0 0.83125 0.4875 0.05234375 0.06640625
0 0.74609375 0.43828125 0.0328125 0.0359375
0 0.66796875 0.16875 0.0625 0.05625
0 0.37578125 0.98671875 0.0546875 0.02578125
0 0.60859375 0.134375 0.06328125 0.065625
0 0.7625 0.23984375 0.07890625 0.06796875
0 0.578125 0.05078125 0.06171875 0.07265625
0 0.6171875 0.78828125 0.04375 0.04140625
0 0.5484375 0.91875 0.05390625 0.0484375
0 0.01953125 0.1234375 0.03828125 0.08125
0 0.9484375 0.4 0.04375 0.04765625
0 0.70546875 0.86875 0.06796875 0.0671875
0 0.58984375 0.54921875 0.06640625 0.08984375
0 0.12734375 0.16015625 0.14921875 0.16953125
0 0.38359375 0.775 0.03984375 0.0296875
0 0.853125 0.4328125 0.053125 0.0640625
0 0.4578125 0.34140625 0.0515625 0.0515625
0 0.6296875 0.84296875 0.0421875 0.05
0 0.8875 0.73125 0.0953125 0.09375
0 0.5734375 0.86875 0.0484375 0.046875
0 0.1796875 0.6953125 0.11171875 0.09375
0 0.4421875 0.97734375 0.05390625 0.04453125
0 0.203125 0.025 0.096875 0.05
0 0.6125 0.32578125 0.06015625 0.0671875
0 0.7296875 0.15 0.0453125 0.03984375
0 0.0640625 0.75546875 0.03515625 0.05703125
0 0.33359375 0.06171875 0.06171875 0.06875
0 0.2796875 0.76953125 0.059375 0.0796875
0 0.38671875 0.2703125 0.0484375 0.04453125
0 0.8265625 0.90234375 0.0859375 0.0703125
0 0.340625 0.7234375 0.065625 0.06015625
0 0.3734375 0.384375 0.05625 0.05625
0 0.36015625 0.18515625 0.06875 0.06640625
0 0.928125 0.7890625 0.06875 0.059375
0 0.0546875 0.7078125 0.03984375 0.04375
0 0.825 0.70859375 0.06953125 0.0765625
0 0.1703125 0.88203125 0.06875 0.10390625
0 0.4234375 0.734375 0.0921875 0.07421875
0 0.3609375 0.9390625 0.0640625 0.0671875
0 0.546875 0.31328125 0.053125 0.0484375
0 0.24609375 0.18046875 0.10078125 0.13828125
0 0.89296875 0.225 0.03984375 0.040625
0 0.8921875 0.3890625 0.071875 0.0703125
0 0.57734375 0.81640625 0.04921875 0.05703125
0 0.64453125 0.021875 0.0671875 0.04375
0 0.7703125 0.03828125 0.075 0.0765625
0 0.65 0.7421875 0.0546875 0.06015625
0 0.66875 0.52734375 0.0265625 0.03359375
0 0.2125 0.8234375 0.053125 0.05703125
0 0.89609375 0.4703125 0.053125 0.0421875
0 0.928125 0.9859375 0.040625 0.028125
0 0.8390625 0.12890625 0.1 0.125
0 0.9078125 0.134375 0.06328125 0.1140625
0 0.8375 0.20859375 0.07421875 0.0703125
0 0.6171875 0.48125 0.0734375 0.07578125
0 0.68984375 0.425 0.05859375 0.06015625
0 0.66484375 0.59921875 0.08828125 0.10078125
0 0.37578125 0.63359375 0.09609375 0.08984375
0 0.45859375 0.6671875 0.06171875 0.08359375
0 0.51796875 0.671875 0.0609375 0.0609375
0 0.51796875 0.8265625 0.0640625 0.078125
0 0.4921875 0.7734375 0.07109375 0.08984375
0 0.42421875 0.89921875 0.059375 0.0734375
0 0.259375 0.8515625 0.04375 0.040625
0 0.30546875 0.8796875 0.06953125 0.078125
0 0.240625 0.91953125 0.06953125 0.0625
0 0.19609375 0.9453125 0.0609375 0.06875
0 0.0359375 0.67109375 0.071875 0.0734375
0 0.43046875 0.81875 0.0421875 0.06640625
0 0.346875 0.8234375 0.08984375 0.09140625
0 0.70390625 0.49375 0.07734375 0.0953125
0 0.92578125 0.296875 0.08203125 0.07421875
0 0.82578125 0.340625 0.0953125 0.08984375
0 0.67890625 0.28828125 0.0875 0.0953125
0 0.72421875 0.36953125 0.13203125 0.08203125
0 0.4375 0.0265625 0.12734375 0.053125
0 0.3046875 0.02265625 0.09453125 0.0453125
0 0.278125 0.1078125 0.08984375 0.09296875
0 0.09609375 0.0375 0.0953125 0.075
0 0.85625 0.6109375 0.103125 0.1
0 0.96796875 0.73984375 0.06328125 0.1359375
0 0.9046875 0.82578125 0.08671875 0.08671875
0 0.9359375 0.9109375 0.10390625 0.1109375
0 0.8296875 0.9609375 0.11640625 0.078125
0 0.73125 0.96640625 0.07890625 0.06640625
0 0.62734375 0.92421875 0.08125 0.08515625
0 0.765625 0.74765625 0.05234375 0.05546875
0 0.56953125 0.73984375 0.08125 0.07421875
0 0.39765625 0.21796875 0.071875 0.0671875
0 0.33046875 0.2484375 0.0578125 0.06875
0 0.459375 0.21328125 0.06484375 0.0859375
0 0.74140625 0.590625 0.06484375 0.0640625
0 0.48359375 0.953125 0.059375 0.053125
0 0.553125 0.9671875 0.09296875 0.06484375
0 0.1234375 0.75859375 0.053125 0.0546875
0 0.5078125 0.8875 0.08125 0.04921875