0 0.2234375 0.25859375 0.09296875 0.09765625
0 0.4078125 0.08359375 0.10859375 0.1203125
0 0.6421875 0.846875 0.11875 0.12421875
0 0.16796875 0.3828125 0.04453125 0.046875
0 0.66640625 0.5140625 0.08671875 0.06484375
0 0.88125 0.11484375 0.109375 0.096875
0 0.49140625 0.88671875 0.08828125 0.07734375
0 0.890625 0.35078125 0.03359375 0.04921875
0 0.784375 0.84609375 0.09296875 0.0890625
0 0.92109375 0.62734375 0.06484375 0.065625
0 0.41875 0.65703125 0.07265625 0.08203125
0 0.73203125 0.8390625 0.046875 0.0578125
0 0.828125 0.3515625 0.06328125 0.08125
0 0.7328125 0.76875 0.0546875 0.0671875
0 0.04296875 0.18125 0.0578125 0.065625
0 0.25703125 0.73828125 0.05078125 0.05234375
0 0.67265625 0.5921875 0.0984375 0.08984375
0 0.94921875 0.52578125 0.0984375 0.128125
0 0.625 0.196875 0.053125 0.0765625
0 0.63359375 0.26953125 0.07421875 0.0578125
0 0.57421875 0.2203125 0.04296875 0.06953125
0 0.56953125 0.27734375 0.04296875 0.05546875
0 0.546875 0.52890625 0.146875 0.10078125
0 0.03984375 0.9078125 0.0796875 0.17578125
0 0.134375 0.85703125 0.10078125 0.12734375
0 0.2046875 0.771875 0.0671875 0.053125
0 0.22109375 0.85234375 0.0671875 0.0890625
0 0.2828125 0.81484375 0.09375 0.08671875
0 0.84375 0.7359375 0.14453125 0.16328125
0 0.73046875 0.6828125 0.10546875 0.125
0 0.984375 0.41796875 0.03125 0.0484375
0 0.353125 0.66015625 0.053125 0.05078125
0 0.321875 0.7328125 0.08671875 0.134375
0 0.4046875 0.77421875 0.084375 0.1921875
0 0.6 0.59375 0.05546875 0.0578125
0 0.5203125 0.8109375 0.13671875 0.06953125
0 0.50859375 0.60078125 0.13203125 0.03828125
0 0.84765625 0.46171875 0.12265625 0.125
0 0.8375 0.5890625 0.13671875 0.09609375
0 0.0953125 0.4484375 0.1078125 0.07421875
0 0.17578125 0.43515625 0.0484375 0.0484375
0 0.11796875 0.5359375 0.09140625 0.09140625
0 0.1046875 0.60703125 0.06953125 0.084375
0 0.021875 0.44296875 0.0390625 0.04765625
0 0.0453125 0.51953125 0.090625 0.10234375
0 0.040625 0.6453125 0.08125 0.15625
0 0.06328125 0.3859375 0.07109375 0.05234375
0 0.10390625 0.28515625 0.1046875 0.1078125
0 0.0234375 0.2453125 0.046875 0.06875
0 0.0265625 0.32109375 0.04296875 0.0859375
0 0.01875 0.025 0.0375 0.05
0 0.13046875 0.18046875 0.07578125 0.06015625
0 0.1015625 0.07421875 0.1390625 0.14140625
0 0.484375 0.64375 0.07109375 0.05078125
0 0.50625 0.70703125 0.09765625 0.0984375
0 0.55625 0.74609375 0.0875 0.06796875
0 0.64140625 0.7453125 0.08984375 0.07265625
0 0.56953125 0.63671875 0.04765625 0.05390625
0 0.61640625 0.6671875 0.1 0.07578125