0 0.099609375 0.9169921875 0.09765625 0.9736328125 0.1220703125 1 0.205078125 0.9990234375 0.21484375 0.9794921875 0.1787109375 0.884765625 0.1455078125 0.88671875 0.099609375 0.9169921875
0 0.93359375 0.2880859375 0.943359375 0.3291015625 0.9677734375 0.353515625 1 0.3623046875 0.9951171875 0.228515625 0.9619140625 0.263671875 0.9423828125 0.26953125 0.93359375 0.2880859375
0 0.9267578125 0.3125 0.87890625 0.3388671875 0.875 0.3876953125 0.900390625 0.3994140625 0.923828125 0.3896484375 0.927734375 0.3564453125 0.94140625 0.3408203125 0.9267578125 0.3125
0 0.8818359375 0.017578125 0.88671875 0.0615234375 0.9091796875 0.087890625 0.91796875 0.0869140625 0.935546875 0.0732421875 0.93359375 0.0224609375 0.9208984375 0.013671875 0.8818359375 0.017578125
0 1 0.0009765625 0.9462890625 0 0.939453125 0.0693359375 0.9462890625 0.078125 0.98046875 0.0791015625 1 0.0712890625 1 0.0009765625
0 0.380859375 0.3994140625 0.4111328125 0.3515625 0.361328125 0.3525390625 0.357421875 0.3955078125 0.380859375 0.3994140625
0 0.23828125 0.1474609375 0.2490234375 0.166015625 0.271484375 0.1669921875 0.27734375 0.1181640625 0.2646484375 0.103515625 0.2421875 0.1220703125 0.23828125 0.1474609375
0 0.0375 0.18828125 0.02890625 0.0296875
0 0.01953125 0.02734375 0.0390625 0.05390625
0 0.4658203125 0.646484375 0.453125 0.6982421875 0.494140625 0.6982421875 0.501953125 0.6884765625 0.498046875 0.6552734375 0.4853515625 0.64453125 0.4658203125 0.646484375
0 0.3818359375 0.6953125 0.3232421875 0.705078125 0.3125 0.7763671875 0.3291015625 0.787109375 0.369140625 0.7880859375 0.388671875 0.7666015625 0.3984375 0.7177734375 0.390625 0.7177734375 0.3818359375 0.6953125
0 0.51953125 0.4814453125 0.5224609375 0.49609375 0.546875 0.4970703125 0.57421875 0.4912109375 0.5634765625 0.462890625 0.5400390625 0.46484375 0.51953125 0.4814453125
0 0.5166015625 0.9375 0.537109375 0.9423828125 0.55859375 0.8955078125 0.5341796875 0.88671875 0.5078125 0.9189453125 0.5166015625 0.9375
0 0.17578125 0.5537109375 0.185546875 0.5263671875 0.1572265625 0.51171875 0.15625 0.5458984375 0.17578125 0.5537109375
0 0.9375 0.55546875 0.07890625 0.08515625
0 0.3890625 0.184375 0.0625 0.0640625
0 0.22734375 0.88515625 0.07421875 0.0921875
0 0.825 0.18125 0.0671875 0.0703125
0 0.146875 0.46015625 0.07109375 0.071875
0 0.025 0.6 0.05 0.08671875
0 0.62890625 0.23359375 0.07734375 0.08515625
0 0.709375 0.415625 0.07734375 0.10390625
0 0.034375 0.10625 0.06875 0.090625
0 0.3328125 0.1375 0.10625 0.1140625
0 0.24609375 0.55078125 0.04921875 0.06328125
0 0.01640625 0.49453125 0.03203125 0.07421875
0 0.9359375 0.4828125 0.06171875 0.0609375
0 0.0203125 0.80703125 0.040625 0.0546875
0 0.11171875 0.18984375 0.1328125 0.15234375
0 0.98828125 0.98046875 0.02265625 0.03828125
0 0.3828125 0.6109375 0.04765625 0.0375
0 0.95546875 0.2046875 0.06484375 0.06640625
0 0.04609375 0.41875 0.06796875 0.07890625
0 0.88203125 0.08984375 0.05 0.0484375
0 0.290625 0.03359375 0.0515625 0.05546875
0 0.79296875 0.346875 0.03671875 0.0453125
0 0.20625 0.40625 0.09296875 0.10234375
0 0.0421875 0.746875 0.08359375 0.090625
0 0.2875 0.51640625 0.0765625 0.0578125
0 0.0328125 0.93125 0.065625 0.08125
0 0.38359375 0.43671875 0.04921875 0.0734375
0 0.378125 0.30625 0.0953125 0.096875
0 0.0578125 0.3546875 0.04609375 0.04140625
0 0.19453125 0.5515625 0.03046875 0.02890625
0 0.07578125 0.29296875 0.06875 0.06640625
0 0.9671875 0.30625 0.06484375 0.096875
0 0.2765625 0.93828125 0.09296875 0.09140625
0 0.43046875 0.39453125 0.0484375 0.04921875
0 0.55859375 0.76171875 0.078125 0.1
0 0.7921875 0.0953125 0.06484375 0.06171875
0 0.68671875 0.33125 0.05078125 0.059375
0 0.3296875 0.89296875 0.04375 0.04765625
0 0.1796875 0.709375 0.05078125 0.06796875
0 0.078125 0.84296875 0.07890625 0.0828125
0 0.1375 0.83203125 0.06796875 0.0859375
0 0.11953125 0.7515625 0.0609375 0.07265625
0 0.2640625 0.8046875 0.07109375 0.0953125
0 0.37734375 0.95546875 0.09375 0.0890625
0 0.0796875 0.0296875 0.06875 0.059375
0 0.0734375 0.60078125 0.05625 0.10390625
0 0.0546875 0.653125 0.0765625 0.06875
0 0.621875 0.94375 0.15625 0.1125
0 0.50546875 0.9625 0.0609375 0.075
0 0.45546875 0.95234375 0.0546875 0.0953125
0 0.4953125 0.87109375 0.0859375 0.0625
0 0.31015625 0.8078125 0.0421875 0.0546875
0 0.35703125 0.8328125 0.06875 0.08828125
0 0.47109375 0.75625 0.0984375 0.1015625
0 0.42421875 0.784375 0.06875 0.07109375
0 0.43125 0.653125 0.07578125 0.1
0 0.3515625 0.653125 0.0609375 0.08125
0 0.30078125 0.63984375 0.05234375 0.05078125
0 0.18671875 0.796875 0.05234375 0.06640625
0 0.12734375 0.690625 0.0578125 0.05625
0 0.1296875 0.6046875 0.06640625 0.05390625
0 0.159375 0.63515625 0.07890625 0.06953125
0 0.1203125 0.53046875 0.0734375 0.06953125
0 0.2078125 0.50078125 0.071875 0.0640625
0 0.25625 0.44296875 0.06015625 0.04765625
0 0.31640625 0.44375 0.08125 0.071875
0 0.346875 0.503125 0.04765625 0.05234375
0 0.35703125 0.5640625 0.07265625 0.084375
0 0.290625 0.578125 0.05390625 0.065625
0 0.2390625 0.62109375 0.07265625 0.08671875
0 0.2640625 0.71484375 0.1078125 0.10078125
0 0.14296875 0.071875 0.115625 0.0890625
0 0.18671875 0.0296875 0.05234375 0.05546875
0 0.23125 0.09375 0.0609375 0.0765625
0 0.21328125 0.1578125 0.0734375 0.071875
0 0.21015625 0.24375 0.13125 0.11640625
0 0.24921875 0.31953125 0.0515625 0.0671875
0 0.2 0.3234375 0.04609375 0.05703125
0 0.31484375 0.24765625 0.096875 0.10390625
0 0.359375 0.04375 0.0921875 0.08671875
0 0.61171875 0.0234375 0.0953125 0.046875
0 0.496875 0.24765625 0.08984375 0.103125
0 0.559375 0.20859375 0.08515625 0.128125
0 0.71640625 0.17265625 0.1109375 0.1171875
0 0.70859375 0.26796875 0.08125 0.0609375
0 0.60078125 0.34765625 0.08515625 0.1046875
0 0.478125 0.359375 0.07734375 0.07734375
0 0.47578125 0.5484375 0.0625 0.08984375
0 0.471875 0.453125 0.0640625 0.08203125
0 0.42421875 0.48046875 0.0390625 0.04921875
0 0.846875 0.3875 0.084375 0.103125
0 0.8859375 0.290625 0.1078125 0.07734375
0 0.79765625 0.25546875 0.09375 0.109375
0 0.9 0.14765625 0.071875 0.0703125
0 0.95703125 0.121875 0.0859375 0.09921875
0 0.97109375 0.39921875 0.05703125 0.10859375
0 0.91796875 0.44296875 0.11328125 0.07421875
0 0.97109375 0.65234375 0.05703125 0.1140625
0 0.8140625 0.971875 0.10234375 0.05546875
0 0.8671875 0.8953125 0.05703125 0.065625
0 0.6296875 0.84453125 0.059375 0.08828125
0 0.57265625 0.83984375 0.05546875 0.0953125
0 0.9734375 0.903125 0.05234375 0.10625
0 0.90546875 0.96640625 0.059375 0.065625
0 0.115625 0.35703125 0.06640625 0.06875
0 0.0234375 0.21640625 0.0390625 0.06875
0 0.0171875 0.359375 0.03046875 0.08984375
0 0.5609375 0.56640625 0.06640625 0.11875
0 0.5546875 0.40234375 0.07578125 0.1078125