0 0.0515625 0.9140625 0.06953125 0.08671875
0 0.3140625 0.7859375 0.08125 0.06796875
0 0.85546875 0.20703125 0.06015625 0.0640625
0 0.384375 0.6984375 0.06953125 0.08125
0 0.04453125 0.64609375 0.08359375 0.1140625
0 0.7203125 0.35859375 0.059375 0.06328125
0 0.95 0.23671875 0.0765625 0.065625
0 0.446875 0.73515625 0.109375 0.1140625
0 0.353125 0.60390625 0.0375 0.04375
0 0.571875 0.5015625 0.0546875 0.0875
0 0.37109375 0.89765625 0.08984375 0.109375
0 0.740625 0.15859375 0.06015625 0.06796875
0 0.44453125 0.60078125 0.04453125 0.04921875
0 0.11796875 0.9515625 0.046875 0.0796875
0 0.10859375 0.8375 0.06015625 0.0625
0 0.315625 0.346875 0.03046875 0.0265625
0 0.38125 0.2328125 0.028125 0.02578125
0 0.953125 0.41484375 0.046875 0.05546875
0 0.1609375 0.9265625 0.07421875 0.06875
0 0.40234375 0.621875 0.0578125 0.0609375
0 0.59453125 0.5 0.09609375 0.10234375
0 0.846875 0.3734375 0.06640625 0.05234375
0 0.44140625 0.33046875 0.025 0.03125
0 0.8125 0.821875 0.11484375 0.07578125
0 0.31484375 0.6640625 0.10234375 0.12890625
0 0.23984375 0.71953125 0.09140625 0.1203125
0 0.14375 0.70546875 0.09453125 0.0578125
0 0.12734375 0.75859375 0.115625 0.0828125
0 0.23046875 0.85234375 0.0859375 0.10390625
0 0.15703125 0.81640625 0.06015625 0.0609375
0 0.02109375 0.88125 0.0421875 0.075
0 0.390625 0.12265625 0.05546875 0.0640625
0 0.48515625 0.12109375 0.0453125 0.0296875
0 0.575 0.1734375 0.05859375 0.05703125
0 0.7109375 0.08671875 0.0421875 0.0375
0 0.80546875 0.02890625 0.03046875 0.02734375
0 0.803125 0.27265625 0.07578125 0.0859375
0 0.66875 0.54296875 0.07734375 0.084375
0 0.7140625 0.5 0.08125 0.13359375
0 0.7953125 0.5015625 0.103125 0.09765625
0 0.784375 0.41640625 0.11953125 0.08125
0 0.946875 0.353125 0.10625 0.071875
0 0.984375 0.3984375 0.03125 0.11015625
0 0.88359375 0.43984375 0.06796875 0.103125
0 0.96171875 0.48828125 0.0765625 0.0859375
0 0.975 0.1953125 0.0453125 0.05
0 0.5 0.55390625 0.0984375 0.06796875
0 0.4203125 0.56484375 0.05390625 0.04921875