0 0.23515625 0.3625 0.06484375 0.06328125
0 0.771875 0.22890625 0.0703125 0.071875
0 0.78828125 0.04140625 0.09609375 0.0828125
0 0.73984375 0.31171875 0.04609375 0.0421875
0 0.93828125 0.61015625 0.07890625 0.07734375
0 0.6515625 0.33203125 0.06484375 0.07734375
0 0.70703125 0.025 0.06640625 0.05
0 0.6578125 0.40234375 0.0515625 0.0625
0 0.5328125 0.91484375 0.059375 0.0625
0 0.87890625 0.2796875 0.05859375 0.06484375
0 0.76875 0.13671875 0.059375 0.06953125
0 0.6 0.70234375 0.0625 0.07578125
0 0.5984375 0.146875 0.0390625 0.05859375
0 0.578125 0.3265625 0.0453125 0.06171875
0 0.54765625 0.71015625 0.05234375 0.05078125
0 0.46875 0.39609375 0.075 0.0890625
0 0.6140625 0.64609375 0.04921875 0.04609375
0 0.84453125 0.6390625 0.07265625 0.0640625
0 0.68984375 0.12265625 0.0609375 0.0625
0 0.9546875 0.3265625 0.0875 0.0984375
0 0.8265625 0.5234375 0.04609375 0.046875
0 0.7640625 0.66015625 0.0609375 0.08515625
0 0.290625 0.10859375 0.065625 0.078125
0 0.590625 0.57734375 0.08203125 0.09140625
0 0.70078125 0.53671875 0.06015625 0.07578125
0 0.875 0.39375 0.05078125 0.0421875
0 0.3109375 0.39375 0.06484375 0.05625
0 0.9171875 0.5359375 0.09765625 0.08828125
0 0.50546875 0.07890625 0.04765625 0.071875
0 0.70078125 0.5953125 0.0515625 0.0484375
0 0.44921875 0.64140625 0.06640625 0.078125
0 0.97578125 0.14609375 0.04765625 0.06640625
0 0.5625 0.88984375 0.040625 0.04609375
0 0.4515625 0.559375 0.08203125 0.08828125
0 0.33359375 0.3296875 0.0671875 0.08359375
0 0.61484375 0.27265625 0.05 0.05078125
0 0.63984375 0.10859375 0.05703125 0.0703125
0 0.53515625 0.2921875 0.0546875 0.0609375
0 0.70703125 0.4359375 0.0453125 0.05703125
0 0.28203125 0.93203125 0.05 0.05625
0 0.0140625 0.971875 0.02734375 0.05546875
0 0.2046875 0.7390625 0.11328125 0.1140625
0 0.35234375 0.65 0.04375 0.04921875
0 0.2921875 0.62265625 0.0359375 0.02578125
0 0.51796875 0.8625 0.0453125 0.04453125
0 0.5578125 0.8328125 0.046875 0.04921875
0 0.61484375 0.85546875 0.07265625 0.04921875
0 0.6234375 0.9109375 0.07421875 0.06015625
0 0.59296875 0.94609375 0.065625 0.0515625
0 0.6546875 0.690625 0.04765625 0.06015625
0 0.30078125 0.55625 0.06796875 0.0625
0 0.38359375 0.453125 0.13203125 0.11015625
0 0.40078125 0.34375 0.0828125 0.07734375
0 0.484375 0.24375 0.07265625 0.065625
0 0.1671875 0.17578125 0.10234375 0.1046875
0 0.1546875 0.2953125 0.090625 0.09609375
0 0.22734375 0.5078125 0.07578125 0.0796875
0 0.26875 0.4640625 0.04375 0.0484375
0 0.20390625 0.4234375 0.0953125 0.07109375
0 0.51640625 0.1375 0.05078125 0.03671875
0 0.54609375 0.17890625 0.0875 0.059375
0 0.553125 0.02265625 0.0859375 0.04140625
0 0.56796875 0.09296875 0.06953125 0.1078125
0 0.93828125 0.01484375 0.05234375 0.028125
0 0.97734375 0.02890625 0.0453125 0.0578125
0 0.8859375 0.01328125 0.053125 0.0265625
0 0.4375 0.03046875 0.09375 0.0609375
0 0.228125 0.01796875 0.10546875 0.0359375
0 0.021875 0.0203125 0.04296875 0.040625
0 0.078125 0.08984375 0.06640625 0.03359375
0 0.05 0.07109375 0.04765625 0.03515625
0 0.01171875 0.08515625 0.0234375 0.0796875
0 0.33046875 0.04609375 0.09375 0.07421875
0 0.5703125 0.22109375 0.0625 0.07265625
0 0.6359375 0.1875 0.08125 0.07265625
0 0.71484375 0.1953125 0.08125 0.06484375
0 0.69921875 0.26953125 0.07734375 0.0765625
0 0.5359375 0.41484375 0.07109375 0.1078125
0 0.85078125 0.2109375 0.07890625 0.0625
0 0.91796875 0.23828125 0.07109375 0.06796875
0 0.81796875 0.271875 0.05234375 0.0625
0 0.8390625 0.33984375 0.0859375 0.07109375
0 0.8359375 0.4640625 0.1296875 0.08125
0 0.7921875 0.4046875 0.07734375 0.08125
0 0.85390625 0.12734375 0.059375 0.07421875
0 0.94296875 0.41328125 0.07421875 0.07265625
0 0.9625 0.4625 0.07421875 0.0984375
0 0.48359375 0.69140625 0.06953125 0.0609375