0 0.71015625 0.34296875 0.0796875 0.08359375
0 0.47890625 0.203125 0.07578125 0.08359375
0 0.66953125 0.11484375 0.07890625 0.07265625
0 0.62421875 0.36484375 0.08125 0.10625
0 0.65546875 0.18359375 0.06875 0.0703125
0 0.5625 0.21796875 0.0859375 0.08515625
0 0.3875 0.115625 0.0859375 0.09296875
0 0.8171875 0.28671875 0.09765625 0.096875
0 0.89140625 0.365625 0.0796875 0.0921875
0 0.77109375 0.4078125 0.0640625 0.06953125
0 0.73359375 0.240625 0.1 0.09609375
0 0.5609375 0.303125 0.08515625 0.08359375
0 0.1765625 0.88671875 0.0734375 0.075
0 0.76328125 0.50234375 0.0765625 0.08671875
0 0.5828125 0.11484375 0.06796875 0.08046875
0 0.2546875 0.88125 0.06796875 0.07734375
0 0.04453125 0.921875 0.08203125 0.075
0 0.15 0.1453125 0.1 0.11171875
0 0.475 0.1171875 0.07421875 0.0796875
0 0.32734375 0.04375 0.06640625 0.0609375
0 0.12109375 0.95234375 0.0703125 0.0671875
0 0.7890625 0.59453125 0.0765625 0.0765625
0 0.96328125 0.06171875 0.0734375 0.0875
0 0.8875 0.79140625 0.075 0.078125
0 0.34140625 0.23984375 0.06953125 0.06328125
0 0.55625 0.74453125 0.0625 0.07734375
0 0.63125 0.94921875 0.0703125 0.06953125
0 0.67109375 0.89609375 0.06484375 0.0703125
0 0.7234375 0.86484375 0.08046875 0.07109375
0 0.690625 0.4359375 0.090625 0.09765625
0 0.6109375 0.83671875 0.059375 0.06640625
0 0.4859375 0.9109375 0.04453125 0.0546875
0 0.8296875 0.1265625 0.0734375 0.10859375
0 0.884375 0.96328125 0.08046875 0.07265625
0 0.50546875 0.03984375 0.065625 0.0734375
0 0.77109375 0.97265625 0.0640625 0.0546875
0 0.46796875 0.525 0.0375 0.04609375
0 0.3953125 0.459375 0.08515625 0.0625
0 0.31640625 0.31171875 0.07421875 0.07734375
0 0.01953125 0.68203125 0.0390625 0.0703125
0 0.31953125 0.578125 0.0640625 0.07734375
0 0.53046875 0.9375 0.07109375 0.07109375
0 0.79609375 0.83125 0.075 0.0625
0 0.5625 0.878125 0.04921875 0.0484375
0 0.4515625 0.771875 0.06875 0.0859375
0 0.97109375 0.29375 0.0578125 0.10859375
0 0.8390625 0.55234375 0.065625 0.08671875
0 0.7984375 0.91875 0.090625 0.0890625
0 0.428125 0.50546875 0.053125 0.04765625
0 0.984375 0.76875 0.03046875 0.06328125
0 0.40234375 0.0359375 0.078125 0.071875
0 0.609375 0.89453125 0.053125 0.053125
0 0.68203125 0.73828125 0.04375 0.046875
0 0.25390625 0.16953125 0.09609375 0.08046875
0 0.02578125 0.4640625 0.05078125 0.20234375
0 0.34453125 0.49140625 0.0828125 0.08359375
0 0.40625 0.58125 0.11328125 0.1140625
0 0.5484375 0.82421875 0.0421875 0.05078125
0 0.5 0.7984375 0.0578125 0.06484375
0 0.49921875 0.73828125 0.0640625 0.0515625
0 0.3921875 0.91015625 0.065625 0.05703125
0 0.45625 0.8515625 0.06484375 0.05390625
0 0.23984375 0.98359375 0.0875 0.0328125
0 0.7046875 0.9671875 0.06875 0.06484375
0 0.96328125 0.89609375 0.0734375 0.07578125
0 0.88046875 0.878125 0.0796875 0.1015625
0 0.7890625 0.73515625 0.09609375 0.08515625
0 0.76015625 0.78828125 0.096875 0.06953125
0 0.66953125 0.78671875 0.10625 0.0734375
0 0.6171875 0.703125 0.1109375 0.1015625
0 0.6984375 0.64765625 0.1265625 0.09140625
0 0.96015625 0.20078125 0.0796875 0.0859375
0 0.934375 0.2734375 0.07890625 0.084375
0 0.909375 0.02734375 0.11953125 0.046875
0 0.15859375 0.23125 0.08828125 0.08359375
0 0.203125 0.29296875 0.0890625 0.0875
0 0.26015625 0.31796875 0.08359375 0.09609375
0 0.93125 0.6734375 0.0796875 0.05703125
0 0.9765625 0.70390625 0.046875 0.06171875
0 0.96875 0.98046875 0.059375 0.0390625
0 0.515625 0.9828125 0.10625 0.034375