0 0.6109375 0.13125 0.0765625 0.07734375
0 0.85390625 0.62109375 0.06875 0.06484375
0 0.8296875 0.26640625 0.04453125 0.04765625
0 0.040625 0.39609375 0.08125 0.140625
0 0.60234375 0.38828125 0.04140625 0.04453125
0 0.6515625 0.3921875 0.0453125 0.04609375
0 0.82421875 0.33671875 0.06015625 0.06328125
0 0.8046875 0.11171875 0.07109375 0.059375
0 0.6734375 0.26953125 0.04140625 0.04140625
0 0.26875 0.3265625 0.07578125 0.07109375
0 0.52890625 0.8859375 0.07265625 0.075
0 0.84375 0.07421875 0.0453125 0.053125
0 0.7109375 0.425 0.04609375 0.05859375
0 0.3625 0.96328125 0.034375 0.03828125
0 0.03046875 0.9421875 0.01953125 0.0234375
0 0.73515625 0.10859375 0.05859375 0.0609375
0 0.51328125 0.696875 0.0609375 0.0734375
0 0.77265625 0.059375 0.05703125 0.04609375
0 0.3234375 0.37578125 0.07421875 0.09765625
0 0.27578125 0.14921875 0.03671875 0.0453125
0 0.503125 0.27265625 0.03203125 0.03125
0 0.9234375 0.340625 0.040625 0.0453125
0 0.690625 0.35859375 0.0484375 0.075
0 0.5578125 0.359375 0.04921875 0.05859375
0 0.9875 0.3171875 0.025 0.02890625
0 0.5859375 0.45625 0.04296875 0.0484375
0 0.95234375 0.5875 0.059375 0.0609375
0 0.7515625 0.42578125 0.04375 0.04453125
0 0.53515625 0.4390625 0.06875 0.06484375
0 0.646875 0.78671875 0.0546875 0.05390625
0 0.83828125 0.8796875 0.0375 0.0421875
0 0.52421875 0.31875 0.0453125 0.046875
0 0.66953125 0.67109375 0.03984375 0.034375
0 0.61484375 0.8953125 0.0640625 0.06015625
0 0.85703125 0.9015625 0.03515625 0.03515625
0 0.18203125 0.06171875 0.01953125 0.0234375
0 0.440625 0.04140625 0.03125 0.034375
0 0.753125 0.51875 0.059375 0.0609375
0 0.3875 0.934375 0.0375 0.0328125
0 0.575 0.70234375 0.078125 0.06953125
0 0.62734375 0.05703125 0.04765625 0.04296875
0 0.86015625 0.20390625 0.04609375 0.0546875
0 0.29765625 0.65546875 0.04375 0.03671875
0 0.93203125 0.79921875 0.03515625 0.03984375
0 0.88125 0.86796875 0.04140625 0.04609375
0 0.3859375 0.2828125 0.08125 0.07109375
0 0.80390625 0.61328125 0.02421875 0.0265625
0 0.39296875 0.05234375 0.0734375 0.06015625
0 0.52734375 0.09140625 0.0625 0.06640625
0 0.45703125 0.190625 0.06796875 0.07578125
0 0.83828125 0.55859375 0.06640625 0.06484375
0 0.23515625 0.11015625 0.0328125 0.0328125
0 0.79765625 0.01953125 0.04921875 0.03828125
0 0.19375 0.3828125 0.11015625 0.115625
0 0.91015625 0.27421875 0.053125 0.065625
0 0.49921875 0.375 0.03515625 0.0484375
0 0.85859375 0.509375 0.02734375 0.02578125
0 0.64375 0.43828125 0.0453125 0.04453125
0 0.07578125 0.34765625 0.025 0.028125
0 0.58359375 0.97734375 0.05234375 0.0453125
0 0.41640625 0.98046875 0.059375 0.03828125
0 0.046875 0.97578125 0.0203125 0.01640625
0 0.05078125 0.98984375 0.02734375 0.01328125
0 0.09296875 0.034375 0.0921875 0.06875
0 0.58984375 0.7609375 0.06171875 0.04921875
0 0.5109375 0.4765625 0.0390625 0.03515625
0 0.51171875 0.5234375 0.0875 0.06796875
0 0.45390625 0.44921875 0.08203125 0.09921875
0 0.4765625 0.32109375 0.0359375 0.03046875
0 0.46484375 0.353125 0.0296875 0.025
0 0.434375 0.3453125 0.03359375 0.04453125
0 0.46875 0.2875 0.028125 0.0203125
0 0.1109375 0.428125 0.0484375 0.07421875
0 0.39296875 0.20390625 0.05234375 0.08046875
0 0.90546875 0.01484375 0.08125 0.02578125
0 0.91875 0.12265625 0.1078125 0.12734375
0 0.971875 0.03828125 0.05625 0.0765625
0 0.6984375 0.13515625 0.059375 0.05234375
0 0.675 0.17890625 0.065625 0.09140625
0 0.796875 0.17578125 0.0859375 0.059375
0 0.75625 0.2 0.09296875 0.0984375
0 0.54140625 0.02890625 0.090625 0.05703125
0 0.60625 0.5578125 0.0890625 0.0859375
0 0.63828125 0.834375 0.0765625 0.06484375
0 0.7671875 0.8671875 0.06484375 0.06328125
0 0.79609375 0.4640625 0.05234375 0.0625
0 0.73828125 0.4703125 0.06484375 0.0546875
0 0.45859375 0.11875 0.0828125 0.08203125
0 0.71640625 0.0296875 0.09765625 0.0515625
0 0.84609375 0.68828125 0.04375 0.0421875
0 0.26953125 0.06015625 0.040625 0.04921875
0 0.346875 0.0171875 0.05234375 0.0328125
0 0.63359375 0.3453125 0.05390625 0.0484375
0 0.603125 0.6453125 0.0765625 0.07109375
0 0.75078125 0.3625 0.05234375 0.06328125
0 0.8015625 0.3921875 0.0578125 0.06640625
0 0.9234375 0.43984375 0.0609375 0.08359375
0 0.97734375 0.4796875 0.0453125 0.0796875
0 0.84296875 0.43125 0.046875 0.0625
0 0.92265625 0.49765625 0.05546875 0.0640625
0 0.76484375 0.96328125 0.0859375 0.0734375
0 0.38125 0.1109375 0.06953125 0.05078125
0 0.315625 0.06328125 0.05078125 0.08125