0 0.11640625 0.965625 0.08359375 0.06796875
0 0.3296875 0.04765625 0.07265625 0.075
0 0.45 0.346875 0.090625 0.090625
0 0.815625 0.325 0.0984375 0.1265625
0 0.84921875 0.14921875 0.08125 0.09140625
0 0.1453125 0.328125 0.08359375 0.0875
0 0.56640625 0.95 0.0859375 0.09921875
0 0.81875 0.22109375 0.0859375 0.0734375
0 0.37734375 0.575 0.0671875 0.07265625
0 0.28125 0.33671875 0.10234375 0.10703125
0 0.16875 0.0609375 0.07265625 0.07890625
0 0.2109375 0.2078125 0.07890625 0.08671875
0 0.39453125 0.92421875 0.05 0.07734375
0 0.3671875 0.328125 0.0734375 0.08046875
0 0.134375 0.2375 0.0453125 0.0546875
0 0.46796875 0.9125 0.1 0.13828125
0 0.7125 0.45859375 0.0640625 0.06640625
0 0.7984375 0.07109375 0.0953125 0.125
0 0.68359375 0.10703125 0.09765625 0.11328125
0 0.096875 0.6515625 0.0796875 0.08046875
0 0.2109375 0.2890625 0.08359375 0.08125
0 0.1609375 0.51171875 0.06796875 0.0828125
0 0.040625 0.26875 0.07421875 0.08046875
0 0.7296875 0.32890625 0.07734375 0.07890625
0 0.334375 0.9171875 0.0609375 0.06796875
0 0.4453125 0.75 0.07578125 0.084375
0 0.33046875 0.5421875 0.0765625 0.07265625
0 0.21953125 0.02578125 0.06328125 0.05078125
0 0.590625 0.84140625 0.10234375 0.103125
0 0.0796875 0.0328125 0.06796875 0.065625
0 0.6109375 0.33828125 0.06328125 0.084375
0 0.52109375 0.62109375 0.05 0.0609375
0 0.08515625 0.8578125 0.071875 0.08828125
0 0.20859375 0.13125 0.0671875 0.05
0 0.728125 0.39609375 0.08125 0.0671875
0 0.57890625 0.275 0.065625 0.078125
0 0.26015625 0.940625 0.04609375 0.07265625
0 0.45703125 0.66171875 0.07265625 0.09296875
0 0.2046875 0.94765625 0.065625 0.09140625
0 0.2640625 0.63203125 0.06796875 0.071875
0 0.40234375 0.25234375 0.07578125 0.1015625
0 0.3109375 0.96953125 0.053125 0.0609375
0 0.0953125 0.5015625 0.0765625 0.0953125
0 0.3234375 0.2578125 0.07421875 0.05703125
0 0.14921875 0.128125 0.04140625 0.03984375
0 0.5328125 0.31796875 0.0515625 0.06484375
0 0.3890625 0.64453125 0.053125 0.0625
0 0.1375 0.17265625 0.05625 0.04453125
0 0.21015625 0.65234375 0.0671875 0.0703125
0 0.26796875 0.5515625 0.0546875 0.071875
0 0.3359375 0.615625 0.0515625 0.06953125
0 0.1484375 0.59453125 0.04765625 0.07578125
0 0.55859375 0.65625 0.05390625 0.05078125
0 0.2296875 0.825 0.0578125 0.07421875
0 0.13515625 0.77890625 0.08046875 0.0796875
0 0.03203125 0.97265625 0.0640625 0.0546875
0 0.34296875 0.82265625 0.04765625 0.0609375
0 0.665625 0.296875 0.0703125 0.06328125
0 0.18828125 0.71328125 0.0703125 0.0796875
0 0.28984375 0.7828125 0.04296875 0.05234375
0 0.18984375 0.5640625 0.0640625 0.05
0 0.0203125 0.14453125 0.03984375 0.059375
0 0.26640625 0.234375 0.05 0.08125
0 0.475 0.8109375 0.04609375 0.05390625
0 0.4625 0.0390625 0.0734375 0.07734375
0 0.3015625 0.16953125 0.0609375 0.0671875
0 0.3859375 0.79609375 0.04140625 0.065625
0 0.0765625 0.2234375 0.03671875 0.034375
0 0.371875 0.9828125 0.05703125 0.03359375
0 0.58828125 0.71484375 0.11875 0.11640625
0 0.51328125 0.69296875 0.028125 0.04453125
0 0.2203125 0.759375 0.0734375 0.07421875
0 0.28984375 0.89140625 0.04140625 0.04296875
0 0.5140625 0.78359375 0.06015625 0.08359375
0 0.059375 0.5578125 0.0578125 0.06953125
0 0.01640625 0.74140625 0.0328125 0.08359375
0 0.17109375 0.878125 0.07734375 0.0859375
0 0.10859375 0.728125 0.03203125 0.0359375
0 0.5 0.2328125 0.08828125 0.1109375
0 0.4859375 0.1203125 0.06953125 0.07890625
0 0.0546875 0.17578125 0.084375 0.0625
0 0.0171875 0.47265625 0.03359375 0.06953125
0 0.59296875 0.62265625 0.05625 0.059375
0 0.3171875 0.69296875 0.1015625 0.103125
0 0.38515625 0.725 0.0578125 0.08984375
0 0.021875 0.84375 0.04375 0.109375
0 0.6046875 0.17265625 0.11171875 0.1515625
0 0.55234375 0.04453125 0.0953125 0.0875
0 0.6453125 0.040625 0.084375 0.08046875
0 0.71484375 0.0359375 0.06015625 0.071875
0 0.02421875 0.08203125 0.04296875 0.06640625
0 0.27890625 0.84609375 0.07578125 0.06875
0 0.0359375 0.6765625 0.07109375 0.1046875
0 0.0203125 0.56640625 0.040625 0.10234375