0 0.4546875 0.90859375 0.0703125 0.0703125
0 0.3625 0.87265625 0.08046875 0.10625
0 0.41953125 0.865625 0.065625 0.075
0 0.17890625 0.6671875 0.04765625 0.0515625
0 0.07421875 0.3828125 0.05390625 0.0515625
0 0.053125 0.03359375 0.07578125 0.06640625
0 0.4390625 0.52890625 0.0484375 0.05234375
0 0.7671875 0.525 0.0515625 0.053125
0 0.4125 0.79921875 0.0515625 0.05078125
0 0.79140625 0.3375 0.06796875 0.0890625
0 0.12109375 0.9171875 0.02734375 0.0328125
0 0.83359375 0.28671875 0.059375 0.04765625
0 0.265625 0.28203125 0.05625 0.053125
0 0.5515625 0.91875 0.0296875 0.0375
0 0.61171875 0.515625 0.06328125 0.0640625
0 0.68515625 0.82734375 0.02734375 0.02421875
0 0.57421875 0.3265625 0.06484375 0.0703125
0 0.87890625 0.33125 0.0578125 0.0734375
0 0.40078125 0.33671875 0.0484375 0.05625
0 0.73515625 0.32734375 0.0421875 0.0765625
0 0.7578125 0.646875 0.05234375 0.05625
0 0.0796875 0.875 0.02578125 0.02265625
0 0.74453125 0.22890625 0.02734375 0.03359375
0 0.58671875 0.93046875 0.04765625 0.05078125
0 0.4578125 0.33125 0.04609375 0.04375
0 0.78515625 0.7328125 0.03515625 0.03515625
0 0.6265625 0.76015625 0.0265625 0.05
0 0.471875 0.96953125 0.06875 0.0609375
0 0.78984375 0.5625 0.03984375 0.03984375
0 0.53359375 0.665625 0.025 0.0296875
0 0.6625 0.534375 0.04609375 0.06875
0 0.46328125 0.75078125 0.06171875 0.06015625
0 0.946875 0.13515625 0.03828125 0.03984375
0 0.24609375 0.6484375 0.03515625 0.0625
0 0.709375 0.16171875 0.05 0.05234375
0 0.51328125 0.7875 0.05546875 0.06953125
0 0.5375 0.225 0.1421875 0.07421875
0 0.50625 0.28125 0.06953125 0.04296875
0 0.22109375 0.3296875 0.08203125 0.10546875
0 0.0359375 0.39921875 0.0484375 0.071875
0 0.328125 0.3234375 0.06015625 0.07421875
0 0.4390625 0.26953125 0.06484375 0.0671875
0 0.334375 0.2546875 0.0765625 0.0484375
0 0.3890625 0.2703125 0.03359375 0.06953125
0 0.7203125 0.2125 0.0265625 0.05546875
0 0.29453125 0.80546875 0.07421875 0.08671875
0 0.2984375 0.609375 0.0484375 0.0359375
0 0.2984375 0.6890625 0.04296875 0.0453125
0 0.3890625 0.60703125 0.02890625 0.0359375
0 0.41484375 0.62265625 0.0265625 0.03828125
0 0.46015625 0.64296875 0.06015625 0.1078125
0 0.57421875 0.61875 0.03359375 0.06953125
0 0.52734375 0.615625 0.06015625 0.071875
0 0.72734375 0.5796875 0.06953125 0.0671875
0 0.6265625 0.5984375 0.040625 0.02890625
0 0.62890625 0.63203125 0.0453125 0.02890625
0 0.6921875 0.640625 0.071875 0.05546875
0 0.6734375 0.88359375 0.03828125 0.03125
0 0.73203125 0.728125 0.06015625 0.0578125
0 0.68046875 0.7234375 0.053125 0.0625
0 0.671875 0.76328125 0.05078125 0.0796875
0 0.80625 0.71015625 0.078125 0.08203125
0 0.56953125 0.821875 0.05703125 0.0890625
0 0.5953125 0.7390625 0.0453125 0.0765625
0 0.96875 0.75078125 0.0625 0.11171875
0 0.89375 0.696875 0.0765625 0.071875
0 0.89765625 0.78125 0.07734375 0.08125
0 0.88203125 0.8625 0.0734375 0.0875
0 0.84609375 0.79453125 0.06953125 0.090625
0 0.703125 0.85703125 0.0203125 0.03203125
0 0.71875 0.8484375 0.01171875 0.01796875
0 0.73984375 0.859375 0.01796875 0.028125
0 0.721875 0.8703125 0.01875 0.01875
0 0.703125 0.88125 0.025 0.01953125
0 0.6875 0.91015625 0.0296875 0.0140625
0 0.70703125 0.90703125 0.0171875 0.03046875
0 0.73125 0.89765625 0.03203125 0.040625
0 0.7734375 0.8953125 0.0578125 0.06640625
0 0.64296875 0.81796875 0.05625 0.034375
0 0.60859375 0.8359375 0.02734375 0.03359375
0 0.63984375 0.84296875 0.04140625 0.02421875
0 0.62265625 0.86640625 0.05625 0.0265625
0 0.475 0.81640625 0.06796875 0.06015625
0 0.4890625 0.8546875 0.06953125 0.059375
0 0.53203125 0.88046875 0.05546875 0.046875
0 0.95859375 0.584375 0.03046875 0.0390625
0 0.91875 0.584375 0.04765625 0.0265625
0 0.9 0.61484375 0.0453125 0.04453125
0 0.93984375 0.6421875 0.06484375 0.0828125
0 0.98671875 0.634375 0.0265625 0.103125
0 0.825 0.5734375 0.03984375 0.0296875
0 0.853125 0.534375 0.0765625 0.05078125
0 0.6703125 0.08515625 0.03828125 0.05859375
0 0.67109375 0.13828125 0.040625 0.0453125
0 0.85078125 0.6203125 0.05078125 0.0515625
0 0.796875 0.609375 0.0640625 0.0375
0 0.81953125 0.6515625 0.06484375 0.0375
0 0.553125 0.74765625 0.053125 0.06484375
0 0.77421875 0.16953125 0.07421875 0.090625
0 0.50859375 0.69921875 0.06328125 0.03671875
0 0.83046875 0.24609375 0.05078125 0.03515625
0 0.9703125 0.31640625 0.05859375 0.0640625
0 0.91875 0.3125 0.04375 0.071875
0 0.88515625 0.2609375 0.04375 0.07265625
0 0.921875 0.24453125 0.02890625 0.05234375
0 0.96015625 0.2609375 0.05390625 0.04140625
0 0.08515625 0.34375 0.0984375 0.05859375
0 0.16796875 0.3453125 0.03125 0.04140625
0 0.19453125 0.9625 0.0890625 0.075
0 0.215625 0.934375 0.04296875 0.0375
0 0.01640625 0.65859375 0.03203125 0.078125
0 0.98515625 0.14609375 0.0296875 0.0640625
0 0.98125 0.221875 0.0375 0.065625
0 0.9609375 0.0546875 0.075 0.109375
0 0.86171875 0.021875 0.021875 0.04296875
0 0.89609375 0.0296875 0.04921875 0.05859375
0 0.84375 0.05078125 0.025 0.0296875
0 0.87890625 0.09609375 0.0921875 0.0640625
0 0.86328125 0.05390625 0.025 0.0234375
0 0.80703125 0.06015625 0.03125 0.03671875
0 0.7265625 0.1078125 0.06328125 0.03671875
0 0.75703125 0.0671875 0.0515625 0.05859375
0 0.70625 0.05 0.05859375 0.07578125
0 0.775 0.01640625 0.15234375 0.03203125
0 0.78125 0.23671875 0.04765625 0.053125
0 0.40234375 0.74375 0.05625 0.04921875
0 0.35703125 0.6921875 0.07265625 0.12578125
0 0.33984375 0.615625 0.0265625 0.02578125
0 0.3609375 0.6125 0.0203125 0.0234375
0 0.30390625 0.73515625 0.03515625 0.0484375