0 0.11953125 0.075 0.125 0.109375
0 0.4671875 0.0265625 0.04453125 0.05234375
0 0.4015625 0.50859375 0.07265625 0.06328125
0 0.559375 0.115625 0.12734375 0.1390625
0 0.225 0.73203125 0.08984375 0.0859375
0 0.87734375 0.85625 0.07578125 0.07421875
0 0.36796875 0.7625 0.06484375 0.05390625
0 0.49296875 0.27890625 0.08203125 0.10078125
0 0.38984375 0.646875 0.09921875 0.078125
0 0.64140625 0.22734375 0.0671875 0.05078125
0 0.28046875 0.22265625 0.11640625 0.10390625
0 0.36484375 0.33515625 0.0828125 0.06640625
0 0.44765625 0.4578125 0.07890625 0.0734375
0 0.10703125 0.35390625 0.08359375 0.096875
0 0.45625 0.55625 0.078125 0.08359375
0 0.35625 0.10703125 0.07265625 0.06328125
0 0.49609375 0.5109375 0.05859375 0.059375
0 0.1375 0.571875 0.06953125 0.078125
0 0.68046875 0.29375 0.06328125 0.0625
0 0.55390625 0.5359375 0.046875 0.05078125
0 0.4578125 0.19765625 0.06484375 0.0703125
0 0.975 0.07421875 0.05 0.071875
0 0.403125 0.9421875 0.06171875 0.065625
0 0.8359375 0.70234375 0.07421875 0.06640625
0 0.2890625 0.80078125 0.10625 0.078125
0 0.27265625 0.51640625 0.0578125 0.08125
0 0.2296875 0.63359375 0.075 0.06953125
0 0.45390625 0.9703125 0.065625 0.05859375
0 0.4203125 0.065625 0.0640625 0.05390625
0 0.5046875 0.83984375 0.05546875 0.04453125
0 0.984375 0.35234375 0.03046875 0.0625
0 0.7703125 0.61640625 0.04296875 0.04375
0 0.14453125 0.16953125 0.06484375 0.071875
0 0.865625 0.7390625 0.04609375 0.04375
0 0.06875 0.7609375 0.06328125 0.0515625
0 0.33671875 0.55 0.059375 0.06328125
0 0.90078125 0.07109375 0.09453125 0.09453125
0 0.94765625 0.990625 0.04765625 0.01796875
0 0.6125 0.378125 0.0828125 0.1078125
0 0.40859375 0.8375 0.06015625 0.05546875
0 0.28046875 0.68828125 0.07734375 0.0671875
0 0.1359375 0.70703125 0.0859375 0.06484375
0 0.27734375 0.96953125 0.09296875 0.06015625
0 0.7734375 0.403125 0.07734375 0.075
0 0.228125 0.2921875 0.04921875 0.06328125
0 0.071875 0.4546875 0.05703125 0.0765625
0 0.65 0.55390625 0.0640625 0.05078125
0 0.6265625 0.84765625 0.0421875 0.03125
0 0.24453125 0.8390625 0.05859375 0.034375
0 0.58671875 0.5015625 0.07578125 0.10390625
0 0.27109375 0.33984375 0.0828125 0.06875
0 0.42109375 0.71640625 0.07578125 0.05546875
0 0.78828125 0.2890625 0.03515625 0.034375
0 0.35703125 0.83046875 0.05078125 0.0421875
0 0.09765625 0.53046875 0.05 0.05078125
0 0.48671875 0.07734375 0.03515625 0.05078125
0 0.6421875 0.44765625 0.0671875 0.05703125
0 0.23515625 0.91796875 0.06796875 0.084375
0 0.9375 0.34296875 0.065625 0.06328125
0 0.35234375 0.91640625 0.04609375 0.06171875
0 0.43203125 0.33984375 0.0296875 0.05078125
0 0.865625 0.78125 0.02421875 0.03671875
0 0.03046875 0.384375 0.0609375 0.065625
0 0.92421875 0.5203125 0.04375 0.0453125
0 0.19609375 0.23359375 0.0640625 0.0703125
0 0.32421875 0.49375 0.053125 0.05390625
0 0.35859375 0.2828125 0.05859375 0.04296875
0 0.8296875 0.9625 0.03359375 0.03828125
0 0.35390625 0.021875 0.0515625 0.04375
0 0.92109375 0.196875 0.046875 0.040625
0 0.87890625 0.22734375 0.0390625 0.046875
0 0.834375 0.2546875 0.0390625 0.03984375
0 0.85859375 0.1625 0.0265625 0.03515625
0 0.96640625 0.28203125 0.06640625 0.07890625
0 0.03359375 0.9171875 0.06640625 0.06953125
0 0.03359375 0.96796875 0.0671875 0.0640625
0 0.1140625 0.96640625 0.0546875 0.05625
0 0.17421875 0.96875 0.05546875 0.05546875
0 0.1484375 0.8 0.11875 0.1078125
0 0.021875 0.47109375 0.04296875 0.0765625
0 0.03359375 0.53984375 0.0671875 0.0703125
0 0.04375 0.5984375 0.0640625 0.06953125
0 0.128125 0.48359375 0.059375 0.065625
0 0.20078125 0.515625 0.05703125 0.0625
0 0.19921875 0.45625 0.0765625 0.06171875
0 0.22578125 0.1359375 0.07265625 0.05
0 0.03125 0.096875 0.0546875 0.121875
0 0.07421875 0.17109375 0.07734375 0.084375
0 0.02578125 0.30234375 0.05078125 0.06171875
0 0.44375 0.13125 0.10078125 0.06875
0 0.35234375 0.18203125 0.07265625 0.0875
0 0.43984375 0.77578125 0.06484375 0.0671875
0 0.5109375 0.7703125 0.0390625 0.0296875
0 0.49609375 0.80703125 0.040625 0.03203125
0 0.265625 0.43515625 0.07421875 0.06484375
0 0.21796875 0.4046875 0.04375 0.04921875
0 0.20859375 0.3625 0.06953125 0.04140625
0 0.14375 0.403125 0.071875 0.07734375
0 0.02109375 0.234375 0.0421875 0.0703125
0 0.07421875 0.2125 0.0828125 0.084375
0 0.08515625 0.27578125 0.0625 0.0390625
0 0.1296875 0.25625 0.06640625 0.08125
0 0.2828125 0.0265625 0.08984375 0.05234375
0 0.54921875 0.20859375 0.07265625 0.05703125
0 0.58203125 0.2625 0.06796875 0.07265625
0 0.56328125 0.4265625 0.0640625 0.05703125
0 0.62265625 0.3203125 0.0875 0.07265625
0 0.671875 0.49140625 0.0890625 0.06171875
0 0.515625 0.5703125 0.05234375 0.053125
0 0.45859375 0.91015625 0.0640625 0.0765625
0 0.51328125 0.90078125 0.07734375 0.06640625
0 0.6703125 0.9828125 0.0703125 0.034375
0 0.6828125 0.946875 0.07578125 0.05546875
0 0.8234375 0.540625 0.03671875 0.0359375
0 0.853125 0.55390625 0.0390625 0.0484375
0 0.98828125 0.16796875 0.0234375 0.05234375
0 0.71015625 0.184375 0.04375 0.034375
0 0.41015625 0.24765625 0.059375 0.0578125
0 0.3484375 0.69921875 0.05390625 0.06328125