0 0.030948509485094852 0.8266937669376694 0.061897018970189704 0.11804878048780504
0 0.09523035230352303 0.7490243902439024 0.08146341463414634 0.11078590785907858
0 0.16861788617886178 0.6740650406504065 0.09094850948509486 0.0800271002710028
0 0.9325474254742547 0.4609756097560975 0.13035230352303528 0.22439024390243906
0 0.7166666666666667 0.3128726287262873 0.10322493224932258 0.17373983739837395
0 0.19978319783197832 0.6144715447154472 0.05934959349593497 0.061924119241192475
0 0.44479674796747964 0.278970189701897 0.08693766937669373 0.08067750677506778
0 0.26932249322493224 0.5187533875338753 0.07200542005420052 0.08355013550135497
0 0.305230352303523 0.47000000000000003 0.060704607046070475 0.08352303523035229
0 0.3743360433604336 0.3963956639566396 0.06523035230352302 0.08436314363143631
0 0.6026287262872629 0.23498644986449863 0.09915989159891607 0.14070460704607043
0 0.49807588075880754 0.20289972899728997 0.0706775067750677 0.08739837398373984
0 0.6556910569105691 0.08943089430894309 0.11495934959349591 0.17886178861788618
0 0.552710027100271 0.11821138211382114 0.11989159891598919 0.17227642276422767
0 0.8368021680216802 0.33200542005420053 0.06474254742547422 0.11661246612466125