0 0.7557994579945799 0.07379403794037942 0.11140921409214095 0.14151761517615175
0 0.6398644986449865 0.07677506775067751 0.10840108401084012 0.1294850948509485
0 0.5262059620596206 0.0948509485094851 0.10688346883468834 0.12346883468834689
0 0.34252032520325204 0.1437940379403794 0.14303523035230353 0.1159349593495935
0 0.16636856368563685 0.15582655826558264 0.1159349593495935 0.10991869918699188
0 0.05344173441734417 0.17390243902439026 0.10086720867208672 0.12495934959349592
0 0.16184281842818427 0.41853658536585364 0.09184281842818426 0.1475338753387534
0 0.192710027100271 0.6978319783197832 0.1535772357723577 0.12495934959349597
0 0.2273441734417344 0.8250677506775067 0.1445257452574526 0.19872628726287275
0 0.29059620596205965 0.8973170731707317 0.10238482384823848 0.06626016260162614
0 0.4426287262872629 0.7904336043360434 0.24991869918699183 0.28002710027100275
0 0.590189701897019 0.8544173441734416 0.08731707317073163 0.1068834688346885
0 0.7098644986449865 0.8574254742547425 0.13398373983739828 0.13398373983739853
0 0.8145257452574526 0.7783739837398375 0.11742547425474266 0.13850948509485098
0 0.8476422764227641 0.5322222222222222 0.15056910569105678 0.12195121951219512
0 0.7972086720867209 0.371869918699187 0.23636856368563694 0.2077777777777778