0 0.10688346883468834 0.9336043360433605 0.07528455284552846 0.1297560975609756
0 0.06850948509485096 0.813739837398374 0.07075880758807587 0.12195121951219512
0 0.17991869918699188 0.9063414634146342 0.08582655826558264 0.14151761517615183
0 0.1573170731707317 0.7746070460704607 0.07680216802168023 0.09785907859078595
0 0.2529268292682927 0.7362059620596206 0.08430894308943085 0.12046070460704612
0 0.2807859078590786 0.876260162601626 0.08883468834688348 0.13550135501355012
0 0.33346883468834687 0.7000813008130081 0.09785907859078587 0.12948509485094845
0 0.371869918699187 0.8416260162601626 0.09937669376693771 0.13550135501355012
0 0.4343631436314363 0.6752574525745256 0.09785907859078595 0.12195121951219505
0 0.465230352303523 0.8062330623306233 0.09636856368563686 0.13097560975609768
0 0.5375067750677507 0.6315989159891598 0.10238482384823856 0.13398373983739828
0 0.564579945799458 0.766341463414634 0.09336043360433602 0.12043360433604351
0 0.6353658536585366 0.5946883468834688 0.10539295392953926 0.1144173441734418
0 0.6609485094850948 0.7301897018970189 0.10840108401084012 0.12647696476964768
0 0.757289972899729 0.6888075880758807 0.10238482384823841 0.14002710027100276
0 0.7309485094850949 0.5660975609756097 0.09785907859078595 0.12043360433604336
0 0.8544173441734416 0.6549322493224932 0.0948509485094851 0.13550135501355007
0 0.8227913279132791 0.5246883468834689 0.10390243902439034 0.12796747967479682
0 0.9531707317073171 0.6210569105691056 0.0936585365853657 0.12796747967479666
0 0.9274254742547426 0.4817886178861789 0.09937669376693756 0.09937669376693771
0 0.8318157181571816 0.3071273712737127 0.08582655826558254 0.08130081300813004