0 0.23636856368563686 0.8205420054200542 0.10840108401084012 0.13850948509485098
0 0.038401084010840116 0.9689972899728997 0.061734417344173446 0.06200542005420053
0 0.3327371273712737 0.7490243902439024 0.1324932249322493 0.19422764227642272
0 0.49306233062330623 0.6120054200542006 0.14905149051490515 0.18517615176151758
0 0.9168834688346883 0.6737398373983741 0.12346883468834705 0.13701897018970183
0 0.6526558265582656 0.8927913279132791 0.10688346883468834 0.10840108401084012
0 0.5367479674796748 0.8431165311653117 0.12195121951219512 0.14151761517615183
0 0.6398644986449865 0.757289972899729 0.1144173441734418 0.150569105691057
0 0.6473983739837398 0.46146341463414636 0.12346883468834681 0.22734417344173438
0 0.7347154471544716 0.4230623306233063 0.13850948509485098 0.1565853658536585
0 0.7460162601626016 0.3063956639566396 0.09785907859078595 0.09184281842818424
0 0.7241734417344174 0.7023577235772358 0.10840108401084012 0.16108401084010832