0 0.633360433604336 0.7702439024390245 0.09192411924119245 0.10989159891598904
0 0.7247967479674796 0.7038753387533876 0.11951219512195128 0.13241192411924124
0 0.8063143631436314 0.6221680216802168 0.12718157181571801 0.10257452574525751
0 0.5504607046070461 0.6894037940379404 0.14249322493224928 0.12403794037940374
0 0.6335772357723577 0.6230352303523036 0.1244173441734418 0.1267750677506776
0 0.7433333333333334 0.5367750677506775 0.14205962059620592 0.14401084010840104
0 0.4596747967479675 0.6363414634146342 0.15062330623306228 0.11100271002710022
0 0.647588075880759 0.4719783197831978 0.12401084010840113 0.1111111111111111
0 0.5472899728997289 0.5534959349593496 0.12712737127371265 0.103360433604336
0 0.3808672086720867 0.5609485094850949 0.1276151761517615 0.10650406504065044
0 0.5811924119241193 0.3976964769647697 0.13571815718157176 0.14051490514905152
0 0.45471544715447154 0.4803523035230352 0.11720867208672087 0.1088075880758807
0 0.2923577235772358 0.4961517615176152 0.1384552845528456 0.12414634146341463
0 0.3788617886178862 0.4010840108401084 0.11040650406504067 0.10845528455284552
0 0.4883739837398374 0.33631436314363145 0.11268292682926825 0.15495934959349594
0 0.23590785907859077 0.4211924119241192 0.1863414634146342 0.1188075880758807
0 0.41474254742547423 0.2733062330623306 0.11043360433604336 0.12566395663956642
0 0.3043360433604336 0.32658536585365855 0.12897018970189703 0.0876964769647696
0 0.09498644986449864 0.8659620596205962 0.05628726287262872 0.052601626016260075
0 0.2262059620596206 0.27170731707317075 0.12300813008130079 0.11078590785907858
0 0.3386720867208672 0.20558265582655827 0.14563685636856372 0.1202710027100271
0 0.14579945799457994 0.20265582655826558 0.12810298102981033 0.0792140921409214
0 0.2456368563685637 0.13289972899728997 0.12574525745257453 0.13517615176151765
0 0.065420054200542 0.13401084010840109 0.12991869918699187 0.10452574525745256
0 0.1476151761517615 0.06696476964769647 0.13205962059620593 0.1194579945799458