0 0.6488888888888888 0.14528455284552846 0.19271002710027105 0.2393766937669377
0 0.5066124661246613 0.14528455284552846 0.052682926829268284 0.06474254742547428
0 0.39447154471544715 0.04365853658536585 0.08130081300813008 0.08130081300813008
0 0.05495934959349594 0.2130352303523035 0.06474254742547425 0.06775067750677506
0 0.12495934959349593 0.3507859078590786 0.07227642276422765 0.10539295392953926
0 0.26046070460704607 0.3643360433604336 0.08430894308943085 0.10539295392953926
0 0.3342276422764227 0.3921951219512195 0.0692682926829268 0.12195121951219512
0 0.39143631436314363 0.42983739837398377 0.060216802168021756 0.11593495934959343
0 0.45168021680216797 0.44715447154471544 0.07528455284552854 0.11140921409214095
0 0.5276964769647696 0.4637127371273713 0.07376693766937661 0.12647696476964773
0 0.5909485094850948 0.4825474254742548 0.055718157181571824 0.10387533875338749
0 0.6639566395663956 0.4878048780487805 0.06926829268292675 0.12043360433604336
0 0.7286991869918699 0.5111382113821139 0.06926829268292668 0.09785907859078595
0 0.7949322493224932 0.5292140921409214 0.06623306233062345 0.11593495934959358
0 0.9048509485094851 0.7219241192411924 0.1144173441734418 0.1099186991869918
0 0.6556639566395663 0.6948238482384823 0.055718157181571824 0.07677506775067754
0 0.7106233062330624 0.7151490514905149 0.06322493224932253 0.0722764227642276
0 0.492330623306233 0.6556639566395663 0.11441734417344165 0.164119241192412
0 0.40273712737127376 0.31691056910569104 0.06474254742547422 0.07376693766937673