0 0.04607046070460705 0.06775067750677506 0.0921409214092141 0.08130081300813008
0 0.14850948509485093 0.027317073170731707 0.11940379403794038 0.054634146341463415
0 0.11598915989159891 0.1597560975609756 0.10823848238482384 0.07471544715447152
0 0.2176151761517615 0.11238482384823847 0.09501355013550136 0.06523035230352303
0 0.3858536585365854 0.16856368563685636 0.08875338753387534 0.07878048780487804
0 0.43688346883468837 0.07802168021680217 0.07338753387533871 0.06482384823848239
0 0.28401084010840105 0.18528455284552847 0.09737127371273714 0.06701897018970189
0 0.18983739837398372 0.23696476964769647 0.09422764227642279 0.06834688346883469
0 0.09227642276422764 0.3062872628726287 0.1556639566395664 0.09222222222222222
0 0.4294308943089431 0.33336043360433604 0.09913279132791324 0.09222222222222222
0 0.5256368563685637 0.30360433604336046 0.09688346883468835 0.07574525745257449
0 0.6836856368563685 0.3286449864498645 0.07471544715447152 0.0691869918699187
0 0.7656639566395663 0.42436314363143635 0.06395663956639573 0.06452574525745258
0 0.6714905149051491 0.4476151761517615 0.11355013550135502 0.09845528455284548
0 0.2641192411924119 0.33246612466124664 0.09373983739837399 0.05428184281842815
0 0.15392953929539294 0.43271002710027096 0.07208672086720866 0.056043360433604354
0 0.26910569105691057 0.5275338753387534 0.18135501355013547 0.1191598915989159
0 0.35176151761517616 0.6246341463414634 0.15013550135501352 0.11474254742547434
0 0.5450406504065041 0.6562059620596206 0.11357723577235763 0.07845528455284558
0 0.6412466124661247 0.6137940379403795 0.10051490514905158 0.08224932249322499
0 0.8067750677506774 0.6151490514905149 0.11726287262872624 0.1246883468834688
0 0.8986720867208673 0.6004878048780489 0.09151761517615171 0.07365853658536588
0 0.7053929539295394 0.6722764227642276 0.10593495934959359 0.07639566395663963
0 0.6102981029810298 0.7295934959349594 0.11311653116531167 0.10504065040650404
0 0.6688075880758808 0.7966666666666667 0.11588075880758812 0.08327913279132797
0 0.7261517615176152 0.8637127371273712 0.1258265582655826 0.09457994579945793
0 0.8198644986449863 0.8009485094850949 0.13623306233062327 0.08823848238482401
0 0.7559620596205961 0.7444986449864499 0.12401084010840106 0.08967479674796756
0 0.5658265582655826 0.9278319783197833 0.17005420054200543 0.12170731707317065
0 0.31766937669376694 0.39411924119241193 0.09279132791327915 0.09791327913279131