0 0.13495934959349593 0.13875338753387534 0.10642276422764231 0.09143631436314366
0 0.256449864498645 0.1791869918699187 0.12934959349593494 0.07609756097560973
0 0.23430894308943087 0.09788617886178862 0.13531165311653118 0.0865040650406504
0 0.48813008130081303 0.15523035230352303 0.1443089430894309 0.083739837398374
0 0.4856639566395664 0.07712737127371273 0.11674796747967475 0.07747967479674797
0 0.611680216802168 0.15097560975609756 0.10636856368563685 0.0738211382113821
0 0.5983468834688347 0.06224932249322493 0.12308943089430899 0.0805420054200542
0 0.8056368563685636 0.6643360433604336 0.22823848238482392 0.13084010840108393
0 0.7568563685636855 0.4588888888888889 0.19211382113821135 0.11560975609756104
0 0.8783739837398374 0.5277777777777778 0.12674796747967476 0.1196747967479674
0 0.7329268292682927 0.5656910569105691 0.164119241192412 0.10065040650406501
0 0.9214092140921409 0.9254742547425474 0.15718157181571815 0.14363143631436315
0 0.4375609756097561 0.8447154471544716 0.07926829268292683 0.06978319783197832