0 0.8699999999999999 0.9247967479674797 0.17178861788617883 0.15040650406504066
0 0.14151761517615175 0.8624932249322493 0.2450677506775068 0.23531165311653127
0 0.1575338753387534 0.5742547425474255 0.09737127371273711 0.07626016260162598
0 0.14059620596205963 0.4873441734417345 0.11319783197831977 0.09121951219512202
0 0.09929539295392954 0.3920867208672087 0.0982926829268293 0.09035230352303532
0 0.07669376693766937 0.311029810298103 0.10010840108401084 0.07913279132791329
0 0.04644986449864499 0.22455284552845528 0.09197831978319783 0.10403794037940381
0 0.14333333333333334 0.1577506775067751 0.14875338753387535 0.15598915989159895
0 0.2659349593495935 0.13449864498644987 0.10135501355013551 0.08420054200542007
0 0.3951219512195122 0.23113821138211385 0.26214092140921413 0.21612466124661248
0 0.5953929539295393 0.09203252032520326 0.1465311653116531 0.10184281842818428
0 0.3679945799457994 0.05907859078590786 0.11360433604336048 0.0811111111111111
0 0.9244173441734418 0.19677506775067752 0.14241192411924106 0.13067750677506776
0 0.40211382113821137 0.47311653116531166 0.139349593495935 0.11967479674796755
0 0.5450677506775068 0.40766937669376696 0.12127371273712736 0.10696476964769655
0 0.4601355013550135 0.8038482384823848 0.32314363143631436 0.23821138211382106
0 0.6489430894308943 0.6327913279132791 0.35070460704607054 0.2719241192411925
0 0.926449864498645 0.5724932249322493 0.14707317073170728 0.2199457994579945