0 0.5046341463414634 0.9018970189701897 0.20661246612466128 0.19620596205962054
0 0.2921409214092141 0.9061246612466125 0.13168021680216804 0.1311382113821138
0 0.24560975609756097 0.7372628726287264 0.11994579945799455 0.1366666666666666
0 0.06178861788617887 0.3733333333333333 0.10463414634146341 0.14953929539295394
0 0.1656910569105691 0.5223577235772358 0.13205962059620593 0.17384823848238476
0 0.44138211382113823 0.22612466124661246 0.1546883468834688 0.17308943089430895
0 0.5714634146341464 0.1832520325203252 0.12715447154471549 0.10590785907859077
0 0.29934959349593493 0.2227371273712737 0.0738753387533875 0.09680216802168021
0 0.7498644986449864 0.11571815718157183 0.16639566395663952 0.1627913279132791
0 0.8090243902439024 0.3119512195121951 0.1506775067750678 0.15745257452574524
0 0.665420054200542 0.367479674796748 0.11271002710027093 0.10962059620596203
0 0.4989972899728997 0.40520325203252033 0.1483739837398374 0.16338753387533878
0 0.33008130081300807 0.4632249322493225 0.1790514905149051 0.2577777777777778
0 0.40051490514905147 0.6711111111111111 0.1497289972899729 0.13533875338753396
0 0.5621951219512195 0.6169376693766938 0.11176151761517618 0.12092140921409215
0 0.7121680216802169 0.5514363143631436 0.11588075880758805 0.12189701897018976
0 0.8706775067750677 0.5133333333333333 0.1547425474254743 0.15216802168021673
0 0.9167479674796747 0.674769647696477 0.16379403794037956 0.1825203252032521
0 0.7685907859078591 0.7295934959349594 0.10720867208672072 0.1231165311653116
0 0.6254471544715446 0.7810840108401085 0.10501355013550136 0.10989159891598904