0 0.08807588075880758 0.6752574525745257 0.08883468834688348 0.09184281842818433
0 0.09032520325203251 0.5811382113821139 0.11140921409214093 0.09333333333333332
0 0.15582655826558264 0.6217886178861789 0.04666666666666666 0.051192411924119205
0 0.20173441734417344 0.48932249322493226 0.07227642276422766 0.09032520325203247
0 0.5194308943089431 0.17390243902439026 0.08130081300813008 0.10086720867208672
0 0.5871815718157182 0.12119241192411924 0.09636856368563686 0.1159349593495935
0 0.6007317073170731 0.23487804878048782 0.05420054200542006 0.06322493224932253
0 0.38845528455284556 0.49533875338753386 0.09333333333333332 0.11745257452574519
0 0.40875338753387536 0.6074796747967479 0.11292682926829273 0.10387533875338749
0 0.47650406504065046 0.5269647696476965 0.10691056910569102 0.11140921409214095
0 0.1708672086720867 0.8589430894308943 0.0918428184281843 0.11289972899728988
0 0.26046070460704607 0.9236585365853658 0.10539295392953933 0.10991869918699203
0 0.26951219512195124 0.8115176151761517 0.10238482384823848 0.11742547425474266