0 0.9394850948509486 0.07829268292682927 0.08731707317073178 0.09333333333333332
0 0.7136314363143631 0.08130081300813008 0.10840108401084012 0.1264769647696477
0 0.6504065040650406 0.13850948509485095 0.08731707317073178 0.1114092140921409
0 0.5931978319783198 0.20550135501355013 0.10840108401084012 0.0948509485094851
0 0.4998373983739837 0.26197831978319785 0.08731707317073178 0.10238482384823848
0 0.4373712737127371 0.33799457994579946 0.08281842818428185 0.0948509485094851
0 0.3620867208672087 0.39295392953929537 0.0948509485094851 0.10238482384823845
0 0.2981029810298103 0.4727371273712737 0.09937669376693771 0.10238482384823841
0 0.7896747967479675 0.21981029810298103 0.0948509485094851 0.11441734417344174
0 0.7271815718157181 0.27176151761517614 0.06926829268292675 0.0858265582655827
0 0.6707317073170732 0.33875338753387535 0.0948509485094851 0.10840108401084012
0 0.5766395663956639 0.38769647696476967 0.09333333333333332 0.09184281842818424
0 0.508130081300813 0.4576964769647696 0.09785907859078595 0.10840108401084012
0 0.43135501355013545 0.532981029810298 0.07075880758807591 0.08430894308943093
0 0.37338753387533874 0.5834146341463414 0.09333333333333332 0.09785907859078595
0 0.9132791327913279 0.8055013550135501 0.17344173441734417 0.21680216802168023