0 0.035392953929539304 0.07452574525745258 0.07075880758807587 0.07677506775067751
0 0.07677506775067751 0.12720867208672085 0.07528455284552846 0.07677506775067751
0 0.13474254742547426 0.16861788617886178 0.061734417344173446 0.0662330623306233
0 0.1753929539295393 0.2002439024390244 0.0707588075880759 0.06926829268292684
0 0.22281842818428185 0.24766937669376693 0.06926829268292684 0.0737669376693767
0 0.26271002710027097 0.28981029810298103 0.06474254742547422 0.06775067750677506
0 0.3078861788617886 0.33422764227642277 0.07075880758807584 0.06322493224932253
0 0.35455284552845534 0.3861788617886179 0.06173441734417348 0.06775067750677506
0 0.43135501355013545 0.4659620596205962 0.06775067750677506 0.07075880758807591
0 0.47650406504065046 0.5043631436314363 0.06474254742547422 0.08430894308943093
0 0.523929539295393 0.5450135501355013 0.06926829268292684 0.07528455284552839
0 0.5706233062330623 0.590189701897019 0.0662330623306233 0.06926829268292684
0 0.6413821138211382 0.6692140921409214 0.08731707317073163 0.07075880758807591
0 0.6925745257452575 0.7128997289972899 0.06623306233062337 0.08281842818428177
0 0.7384823848238482 0.7490243902439024 0.05872628726287252 0.06173441734417337
0 0.784390243902439 0.7889159891598916 0.06623306233062345 0.060216802168021756
0 0.9153929539295392 0.9123848238482385 0.0632249322493226 0.08430894308943093
0 0.8732249322493225 0.8694579945799458 0.06926829268292668 0.07978319783197847
0 0.8190243902439025 0.8303252032520325 0.07227642276422754 0.06775067750677506
0 0.6104878048780488 0.31013550135501355 0.08883468834688354 0.11441734417344177