0 0.9695934959349592 0.5502981029810298 0.051192411924119205 0.06775067750677506
0 0.9470189701897018 0.453929539295393 0.08130081300813008 0.07680216802168015
0 0.8950677506775067 0.5389972899728996 0.05872628726287252 0.06322493224932245
0 0.8656910569105691 0.43433604336043363 0.060216802168021756 0.07677506775067747
0 0.7136314363143631 0.5051219512195122 0.060216802168021756 0.06775067750677506
0 0.618780487804878 0.4855555555555555 0.0572086720867209 0.07075880758807591
0 0.5999728997289973 0.3839295392953929 0.06474254742547422 0.0662330623306233
0 0.688780487804878 0.4080216802168022 0.08279132791327916 0.07528455284552839
0 0.7678319783197831 0.4275880758807588 0.06623306233062345 0.07528455284552854
0 0.9342005420054201 0.8069647696476965 0.07075880758807591 0.1144173441734418
0 0.40276422764227643 0.35907859078590787 0.2333604336043361 0.317669376693767
0 0.1724119241192412 0.28604336043360434 0.15205962059620595 0.2710027100271003