0 0.13398373983739836 0.8988346883468835 0.12043360433604336 0.165609756097561
0 0.2273441734417344 0.6940650406504065 0.04818428184281843 0.04517615176151758
0 0.2040108401084011 0.5525474254742547 0.05872628726287267 0.07829268292682923
0 0.31766937669376694 0.6586991869918699 0.051192411924119205 0.07376693766937677
0 0.28907859078590786 0.5186720867208672 0.05119241192411928 0.07978319783197832
0 0.4998373983739837 0.5894308943089431 0.05420054200542006 0.06775067750677506
0 0.3756368563685637 0.48628726287262874 0.04666666666666674 0.07227642276422769
0 0.47802168021680214 0.44715447154471544 0.05872628726287267 0.0662330623306233
0 0.5916802168021681 0.5502981029810298 0.04517615176151766 0.055718157181571824
0 0.5608130081300813 0.42005420054200543 0.04065040650406504 0.0662330623306233
0 0.6488888888888888 0.38165311653116535 0.04818428184281835 0.06775067750677506
0 0.6820325203252032 0.5186720867208672 0.04517615176151766 0.06173441734417337
0 0.7746070460704607 0.4622222222222222 0.04065040650406504 0.0662330623306233
0 0.7362330623306234 0.3297289972899729 0.04818428184281835 0.0722764227642276
0 0.8626829268292683 0.38918699186991873 0.051192411924119205 0.06474254742547422
0 0.8002168021680216 0.2529268292682927 0.04967479674796759 0.06322493224932253
0 0.8431165311653117 0.14227642276422764 0.0572086720867209 0.07978319783197832
0 0.8634417344173442 0.03688346883468835 0.052682926829268444 0.0737669376693767