0 0.09905149051490514 0.3195934959349594 0.13848238482384823 0.16308943089430897
0 0.18737127371273712 0.4311653116531165 0.14650406504065042 0.17195121951219508
0 0.22371273712737128 0.25322493224932247 0.1168021680216802 0.16945799457994581
0 0.4068563685636856 0.16289972899728997 0.18043360433604333 0.1984281842818428
0 0.3652845528455284 0.3556910569105691 0.22379403794037936 0.2136585365853659
0 0.5468563685636856 0.07644986449864499 0.08783197831978326 0.11132791327913279
0 0.8686178861788617 0.2798644986449864 0.23184281842818416 0.21371273712737124
0 0.7157723577235773 0.3399457994579946 0.1452574525745258 0.19899728997289975
0 0.6593224932249322 0.7286720867208673 0.08466124661246607 0.12314363143631443
0 0.6859620596205962 0.8655284552845528 0.10593495934959359 0.13972899728997276
0 0.053468834688346886 0.7242005420054201 0.06563685636856369 0.08094850948509487