0 0.23636856368563686 0.8295663956639566 0.10840108401084012 0.12043360433604351
0 0.038401084010840116 0.9689972899728997 0.061734417344173446 0.06200542005420053
0 0.3252032520325203 0.7482655826558265 0.12046070460704604 0.15056910569105683
0 0.4697289972899729 0.6097560975609756 0.15357723577235777 0.15355013550135493
0 0.9146341463414634 0.6677235772357724 0.11894308943089427 0.12498644986449865
0 0.6398644986449865 0.8890243902439025 0.08130081300813008 0.10086720867208679
0 0.5367479674796748 0.8431165311653117 0.12195121951219512 0.14151761517615183
0 0.6376151761517616 0.7648238482384825 0.11894308943089435 0.13550135501355012
0 0.6300813008130082 0.3839295392953929 0.09788617886178863 0.09937669376693771
0 0.7377235772357724 0.42457994579945796 0.11742547425474258 0.12346883468834689
0 0.7339837398373983 0.2845528455284553 0.09785907859078595 0.09336043360433602
0 0.7279403794037941 0.7098915989159891 0.11593495934959343 0.1309756097560976