0 0.7479674796747967 0.05962059620596206 0.11924119241192412 0.11924119241192412
0 0.8194308943089431 0.1362872628726287 0.06577235772357719 0.0670460704607046
0 0.8322764227642276 0.2859620596205962 0.07829268292682923 0.09224932249322491
0 0.8526016260162602 0.4405962059620597 0.07379403794037945 0.107940379403794
0 0.8740650406504065 0.586449864498645 0.08506775067750674 0.10154471544715439
0 0.5692140921409213 0.8131165311653117 0.08059620596205964 0.09959349593495935
0 0.5953929539295393 0.959810298102981 0.07880758807588072 0.08037940379403785
0 0.13021680216802167 0.9494850948509486 0.06983739837398373 0.09046070460704606
0 0.11555555555555555 0.8009214092140922 0.09918699186991868 0.14203252032520317
0 0.09341463414634146 0.6498915989159891 0.10734417344173441 0.13355013550135494
0 0.07533875338753387 0.5006504065040651 0.10010840108401084 0.12867208672086725
0 0.5120867208672087 0.20850948509485095 0.07563685636856375 0.11352303523035229
0 0.6152845528455284 0.18685636856368565 0.06433604336043362 0.08823848238482386
0 0.40051490514905147 0.24013550135501355 0.08197831978319783 0.08639566395663956
0 0.2934688346883469 0.26902439024390246 0.07208672086720866 0.07555555555555554
0 0.18238482384823848 0.30333333333333334 0.07750677506775067 0.08997289972899726
0 0.05411924119241192 0.34284552845528454 0.0992140921409214 0.1346341463414634