0 0.08807588075880758 0.6752574525745257 0.08883468834688348 0.09184281842818433
0 0.09032520325203251 0.5811382113821139 0.11140921409214093 0.09333333333333332
0 0.15582655826558264 0.6217886178861789 0.04666666666666666 0.051192411924119205
0 0.20173441734417344 0.48932249322493226 0.07227642276422766 0.09032520325203247
0 0.5194308943089431 0.17390243902439026 0.08130081300813008 0.10086720867208672
0 0.5871815718157182 0.12119241192411924 0.09636856368563686 0.1159349593495935
0 0.6007317073170731 0.23487804878048782 0.05420054200542006 0.06322493224932253
0 0.38693766937669377 0.49157181571815717 0.09032520325203247 0.10991869918699188
0 0.40951219512195125 0.6082384823848238 0.10539295392953926 0.10539295392953926
0 0.4878048780487805 0.5254471544715447 0.09937669376693771 0.10840108401084012
0 0.18140921409214092 0.8484010840108401 0.09785907859078592 0.12796747967479682
0 0.26046070460704607 0.9236585365853658 0.10539295392953933 0.10991869918699203
0 0.2792953929539295 0.8099999999999999 0.0948509485094851 0.12043360433604351
0 0.7407317073170732 0.46070460704607047 0.06623306233062345 0.08130081300813008
0 0.7738753387533875 0.5246883468834689 0.08430894308943093 0.08883468834688339
0 0.8197831978319783 0.5984552845528456 0.06775067750677506 0.07978319783197832
0 0.8604336043360433 0.660189701897019 0.07075880758807591 0.07677506775067754