0 0.06609756097560976 0.1640650406504065 0.11712737127371274 0.14696476964769647
0 0.229810298102981 0.20742547425474256 0.08327913279132788 0.06032520325203249
0 0.40008130081300813 0.1862059620596206 0.07699186991869926 0.07926829268292683
0 0.5150135501355013 0.15661246612466123 0.06842818428184282 0.0670731707317073
0 0.6453116531165312 0.13517615176151765 0.06888888888888893 0.0783468834688347
0 0.9054471544715448 0.09766937669376693 0.05750677506775075 0.054444444444444455
0 0.9004878048780487 0.0351490514905149 0.08501355013550137 0.059918699186991865
0 0.9414905149051491 0.6527100271002709 0.09558265582655821 0.10937669376693764
0 0.8328997289972899 0.7119241192411924 0.10170731707317066 0.11349593495934958
0 0.7088346883468835 0.7243631436314364 0.07409214092140923 0.09750677506775073
0 0.6203252032520326 0.7213008130081302 0.07953929539295398 0.08319783197831983
0 0.3643360433604336 0.8259620596205961 0.18842818428184277 0.20815718157181556