0 0.865040650406504 0.3326829268292683 0.09861788617886175 0.10441734417344174
0 0.9770460704607046 0.30560975609756097 0.03357723577235769 0.03216802168021681
0 0.5780216802168021 0.3891327913279133 0.11989159891598919 0.10349593495934958
0 0.8329539295392955 0.4875609756097561 0.13384823848238478 0.13772357723577233
0 0.8205420054200542 0.6731436314363143 0.1701084010840108 0.18653116531165315
0 0.6805420054200542 0.6578319783197832 0.10322493224932258 0.1305962059620597
0 0.70289972899729 0.4785365853658537 0.09737127371273707 0.18829268292682932
0 0.5082384823848238 0.6571544715447155 0.1632791327913279 0.13644986449864505
0 0.5759891598915989 0.5656639566395664 0.1397831978319783 0.13677506775067744
0 0.4199457994579946 0.5476151761517615 0.15062330623306228 0.1765040650406504
0 0.2957452574525745 0.4947967479674797 0.09195121951219513 0.1088075880758807