0 0.12390243902439024 0.1200271002710027 0.12493224932249321 0.10363143631436313
0 0.11983739837398373 0.21688346883468834 0.08970189701897018 0.07604336043360434
0 0.13067750677506776 0.05252032520325203 0.09333333333333332 0.07252032520325202
0 0.24967479674796747 0.11685636856368563 0.10097560975609754 0.14246612466124664
0 0.36260162601626017 0.12430894308943088 0.1429268292682927 0.17092140921409216
0 0.6148238482384824 0.15929539295392955 0.1402168021680217 0.16230352303523032
0 0.8828726287262871 0.15775067750677507 0.09604336043360448 0.14157181571815716
0 0.7561788617886178 0.16764227642276422 0.1609756097560975 0.1492140921409214
0 0.9688346883468835 0.3299728997289973 0.06233062330623306 0.0809214092140921
0 0.1078590785907859 0.46070460704607047 0.10642276422764231 0.13005420054200545
0 0.5229268292682927 0.507669376693767 0.06029810298102981 0.07945799457994578
0 0.34723577235772357 0.6307046070460705 0.11542005420054205 0.12227642276422765
0 0.07533875338753387 0.6365853658536585 0.09558265582655827 0.08886178861788624
0 0.08168021680216803 0.7733875338753388 0.12631436314363143 0.13663956639566385
0 0.1902981029810298 0.7253116531165311 0.06802168021680215 0.06306233062330618
0 0.29934959349593493 0.8483468834688347 0.0738753387533875 0.06975609756097563
0 0.0859620596205962 0.9086178861788617 0.10327913279132792 0.10449864498644972
0 0.20905149051490515 0.921490514905149 0.12482384823848239 0.12571815718157178
0 0.48723577235772353 0.6835230352303522 0.08829268292682922 0.09243902439024386
0 0.7360975609756097 0.9088346883468835 0.08915989159891592 0.08238482384823842
0 0.6904607046070461 0.7347696476964769 0.09728997289972902 0.10913279132791323
0 0.8036043360433603 0.8438211382113822 0.0841734417344172 0.07880758807588087
0 0.8458265582655827 0.6692953929539296 0.10089430894308948 0.09563685636856374
0 0.9185365853658537 0.5638753387533875 0.09273712737127379 0.07897018970189698
0 0.943170731707317 0.6512737127371273 0.0793224932249322 0.08498644986449869