0 0.03357723577235772 0.42368563685636856 0.06715447154471545 0.07409214092140914
0 0.10336043360433604 0.4440108401084011 0.06127371273712737 0.06956639566395668
0 0.17471544715447154 0.46612466124661245 0.059430894308943105 0.06864498644986446
0 0.25170731707317073 0.5002439024390244 0.062059620596205976 0.07539295392953928
0 0.32555555555555554 0.5151490514905149 0.07246612466124663 0.07271002710027095
0 0.4221951219512195 0.546260162601626 0.06663956639566389 0.07086720867208667
0 0.43688346883468837 0.4616260162601626 0.07338753387533871 0.08848238482384818
0 0.48452574525745257 0.5647967479674797 0.061653116531165314 0.06371273712737124
0 0.5026016260162602 0.4756368563685637 0.07970189701897026 0.10203252032520319
0 0.6561517615176152 0.5304878048780488 0.06888888888888893 0.09620596205962059
0 0.7114634146341463 0.6376964769647696 0.07696476964769641 0.08298102981029812
0 0.7284281842818429 0.5523848238482385 0.07975609756097556 0.09303523035230347
0 0.2681842818428184 0.4105691056910569 0.07479674796747966 0.09306233062330632
0 0.3379674796747968 0.4390514905149051 0.061165311653116554 0.057750677506775074
0 0.8169376693766938 0.6573441734417345 0.07197831978319769 0.0762059620596206
0 0.8797018970189703 0.6704607046070461 0.057181571815718216 0.06918699186991878
0 0.9422764227642276 0.6910027100271002 0.06308943089430886 0.07777777777777775