0 0.5019241192411924 0.09609756097560976 0.09867208672086727 0.1370731707317073
0 0.7681571815718157 0.343739837398374 0.09005420054200547 0.14008130081300812
0 0.9411382113821137 0.4051761517615176 0.06563685636856376 0.08224932249322499
0 0.7600271002710027 0.4973170731707317 0.05989159891598922 0.0984281842818428
0 0.8284552845528455 0.4383739837398374 0.09195121951219498 0.12864498644986458
0 0.5477506775067751 0.5236856368563686 0.06479674796747974 0.13409214092140925
0 0.6631436314363144 0.4467208672086721 0.04718157181571823 0.07498644986449869
0 0.44319783197831975 0.7169647696476965 0.07653116531165315 0.11165311653116536
0 0.5213550135501355 0.6503794037940379 0.09552845528455285 0.1301084010840108
0 0.5956368563685637 0.5975338753387535 0.05623306233062331 0.093089430894309
0 0.6347154471544716 0.5652574525745258 0.051273712737127414 0.0898915989159892
0 0.4420867208672087 0.581029810298103 0.08108401084010844 0.17108401084010838
0 0.16476964769647695 0.9160975609756098 0.0326829268292683 0.06574525745257451
0 0.2426829268292683 0.8691327913279132 0.08010840108401085 0.10542005420054194
0 0.24607046070460703 0.7643631436314363 0.04677506775067748 0.10051490514905158
0 0.3476693766937669 0.6925474254742547 0.08200542005420051 0.12856368563685627
0 0.13585365853658538 0.8081571815718157 0.0720867208672087 0.1429539295392954
0 0.12842818428184283 0.9282655826558265 0.04363143631436313 0.057967479674796714
0 0.3384281842818428 0.777940379403794 0.08013550135501353 0.07105691056910576